90000
90000
40000
80000
40000
90000
30000
10000
70000
40000
40000
30000
80000
40000
50000
20000
70000
100000
10000
100000
10000
80000
50000
20000
10000
30000
20000
40000
30000
80000
30000
10000
20000
30000
60000
20000
50000
20000
100000
10000
100000
20000
90000
70000
80000
10000
90000
50000
30000
60000
50000
70000
70000
100000
80000
20000
50000
100000
10000
80000
60000
20000
30000
50000
80000
60000
10000
50000
80000
10000
100000
40000
10000
80000
60000
50000
70000
40000
100000
10000
20000
60000
80000
30000
10000
60000
80000
70000
70000
40000
60000
50000
100000
100000
100000
10000
70000
40000
70000
50000