0962223359
0947689478
0968919394
0942401917
0913056641
0931925711
0950354299
0944053134
0944000523
0962619834
0986039023
0943974329
0972077213
0947545994
0969759083
0947090388
0958531766
0942002948
0992383127
0993706582
0944551216
0942662151
0948070250
0952118942
0949861926
0929340854
0975288883
0919599923
0980000262
0910628276
0980469200
0926015354
0936548260
0923316074
0911104206
0981844488
0904296908
0923994735
0995537605
0979924814
0924483476
0977514963
0942728876
0977925078
0941785443
0920579213
0948527385
0907768453
0962127659
0961653797
0965038889
0966650186
0949815411
0958685662
0916505491
0906618472
0946490616
0948404126
0978623643
0921406230
0997093168
0901842109
0997223665
0971633042
0974216806
0908129229
0994230898
0995235763
0929588658
0947140349
0976384264
0989846588
0953730324
0903906303
0993145894
0978833628
0909202443
0984347487
0980238186
0996032222
0924259787
0912296174
0919800660
0927359672
0910718580
0971932684
0966463075
0981177808
0997972870
0907434270
0991722480
0959838827
0952580291
0993436146
0931955751
0974462748
0999701611
0906577931
0902660278
0962499979